401.3
392.25
423
387.3
393.85
393.75
389.6
408.1
412.35
426.2
452
438
423.8
436.55
427.5
433.2
416.9
436.8
427.15
433
473.4
472.65
493.8
513
569.8
556.5
584
638.25
654
600.4
637
621.75
601.75
600.9
638.4
635.7
645.75
677
663.5
678
656.6
648.5
666.75
668
737.75
783
794.75
836.5
923.75
969
937.25
867.75
879.5
932.75
912
836.5
897
728.5
813.5
865
918.5
943.75
918.5
889
972
941
936.5
950.75
1001.25
1044.5
1172
1104
1082.75
1112.5
1109.5
1175.25
1214
1240.5
1168
1233.5
1311
1336.75
1375
1410.25
1333.5
1409.75
1431
1531
1537
1508
1613.75
1826
1629
1718
1704
1574.5
1738
1788
1660.75
1662.5
1567.5
1569.5
1622.75
1657.75
1781
1718
1728.25
1664
1674.5
1591
1602.5
1472.75
1410.25
1203.25
1331.5
1392.75
1335.75
1333.75
1245.25
1201.5
1246.5
1327.75
1294
1292
1254
1313
1295
1285.75
1210
1173.25
1184.5
1199.25
1263.5
1205
1179.25
1204.3
1190.4
1175
1080.05
1125.5
1122.5
1147.75
1055.65
1062.25
1112.9
1234.15
1233.6
1274.5
